#DecompositionMetrics
time:0.008636951446533203
fit:0.9017178944100579
cosine_sim:0.9953263374723006
norm_scaling:0.9770536708574741
coverage:1.0
cp_total_iter:14
algorithm:"cp_apr"
fits:None
kkt_violations:[1.8596479016678167, 3.3699288251449913, 1.751912889365717, 3.6106963379018833, 0.1674136397953998, 0.17684628223560783, 0.18096874017115416, 0.19039238837653416, 0.21356386182894527, 0.27473853044441054, 0.34783808951526607, 0.00023322347050469538, 0.00010773047193401997, 9.16936001292834e-05]
n_inner_iters:[20, 20, 20, 20, 20, 19, 19, 17, 15, 16, 17, 12, 9, 4]
